All 32 settings (* = best):
  #      grid_sp      disp_hw    dice  robust     jstd   time(s)
----------------------------------------------------------------
  0            2            2   0.000   0.000  1000000.0000      0.00
  1            2            3   0.000   0.000  1000000.0000      0.00
  2            2            4   0.000   0.000  1000000.0000      0.00
  3            2            5   0.000   0.000  1000000.0000      0.00
  4            3            2   0.653   0.411   0.0603      4.16
  5            3            3   0.653   0.412   0.0636     10.10
  6            3            4   0.652   0.408   0.0642     20.75
  7            3            5   0.000   0.000  1000000.0000      8.03
  8            3            6   0.000   0.000  1000000.0000      0.00
  9            3            7   0.000   0.000  1000000.0000      0.00
 10            3            8   0.000   0.000  1000000.0000      0.00
 11            4            2   0.633   0.380   0.0526      1.78
*12            4            3   0.634   0.381   0.0539      3.76
 13            4            4   0.634   0.381   0.0541      7.28
 14            4            5   0.635   0.383   0.0541     12.82
 15            4            6   0.633   0.380   0.0541     21.09
 16            4            7   0.633   0.380   0.0541     33.37
 17            4            8   0.000   0.000  1000000.0000      0.00
 18            5            2   0.616   0.352   0.0460      1.10
 19            5            3   0.616   0.352   0.0463      1.90
 20            5            4   0.617   0.352   0.0463      3.56
 21            5            5   0.616   0.352   0.0464      6.03
 22            5            6   0.616   0.351   0.0464      9.62
 23            5            7   0.616   0.351   0.0464     14.95
 24            5            8   0.616   0.352   0.0464     22.27
 25            6            2   0.591   0.315   0.0380      0.61
 26            6            3   0.591   0.316   0.0380      0.96
 27            6            4   0.591   0.315   0.0380      1.65
 28            6            5   0.591   0.315   0.0381      2.59
 29            6            6   0.591   0.315   0.0381      5.84
 30            6            7   0.591   0.315   0.0381      6.18
 31            6            8   0.591   0.316   0.0381      8.98

Best setting: #12 of 32 (grid_sp=4, disp_hw=3)
Dice (overall):        0.634
Dice (robust-30):      0.381
Jacobian std:          0.0539
Foldover fraction:     0.0000
Compute time (s/pair): 3.76
