All 12 settings (* = best):
  #  grid_sp_adam  lambda_weight    dice  robust     jstd   time(s)
-------------------------------------------------------------------
  0            2         0.50   0.814   0.768   0.3673      2.25
  1            2         1.25   0.816   0.774   0.2249      1.93
* 2            2         2.50   0.815   0.778   0.1801      1.95
  3            2         5.00   0.792   0.780   0.1445      1.94
  4            3         0.50   0.804   0.768   0.3388      0.80
  5            3         1.25   0.808   0.772   0.2166      0.80
  6            3         2.50   0.800   0.774   0.1776      0.80
  7            3         5.00   0.784   0.768   0.1450      0.83
  8            4         0.50   0.813   0.777   0.2481      0.51
  9            4         1.25   0.815   0.772   0.2041      0.49
 10            4         2.50   0.806   0.776   0.1721      0.52
 11            4         5.00   0.787   0.773   0.1413      0.51

Best setting: #2 of 12 (grid_sp_adam=2, lambda_weight=2.50)
Dice (overall):        0.815
Dice (robust-30):      0.778
Jacobian std:          0.1801
Foldover fraction:     0.0167
Compute time (s/pair): 1.95
