All 32 settings (* = best):
  #      grid_sp      disp_hw    dice  robust     jstd   time(s)
----------------------------------------------------------------
  0            2            2   0.621   0.380   0.0707     13.05
  1            2            3   0.619   0.381   0.0780     34.54
  2            2            4   0.000   0.000  1000000.0000      0.00
  3            2            5   0.000   0.000  1000000.0000      0.00
  4            3            2   0.627   0.381   0.0630      3.96
* 5            3            3   0.628   0.382   0.0669     10.04
  6            3            4   0.627   0.382   0.0676     20.52
  7            3            5   0.628   0.383   0.0681     37.65
  8            3            6   0.000   0.000  1000000.0000      0.00
  9            3            7   0.000   0.000  1000000.0000      0.00
 10            3            8   0.000   0.000  1000000.0000      0.00
 11            4            2   0.616   0.356   0.0542      1.78
 12            4            3   0.616   0.356   0.0553      3.60
 13            4            4   0.616   0.355   0.0553      7.20
 14            4            5   0.617   0.358   0.0557     12.69
 15            4            6   0.615   0.354   0.0556     21.19
 16            4            7   0.616   0.356   0.0555     33.39
 17            4            8   0.000   0.000  1000000.0000      0.00
 18            5            2   0.602   0.335   0.0441      1.09
 19            5            3   0.602   0.336   0.0443      1.97
 20            5            4   0.602   0.336   0.0444      3.52
 21            5            5   0.602   0.337   0.0443      5.86
 22            5            6   0.602   0.336   0.0443      9.49
 23            5            7   0.602   0.335   0.0444     14.82
 24            5            8   0.601   0.335   0.0443     22.06
 25            6            2   0.588   0.316   0.0365      0.52
 26            6            3   0.588   0.316   0.0367      0.87
 27            6            4   0.588   0.316   0.0366      1.57
 28            6            5   0.588   0.316   0.0366      2.50
 29            6            6   0.588   0.317   0.0367      4.06
 30            6            7   0.588   0.317   0.0367      6.11
 31            6            8   0.588   0.316   0.0365      8.92

Best setting: #5 of 32 (grid_sp=3, disp_hw=3)
Dice (overall):        0.628
Dice (robust-30):      0.382
Jacobian std:          0.0669
Foldover fraction:     0.0000
Compute time (s/pair): 10.04

python PlaneAdam/convex_optimization/convex_run_paired_dino_slice2d.py 0 OASIS_config.json --pca 64


