All 32 settings (* = best):
  #  grid_sp  disp_hw    dice  robust     jstd   time(s)
--------------------------------------------------------
  0        2        2   0.586   0.329   0.0605     25.29
  1        2        3   0.586   0.327   0.0606     46.61
  2        2        4   0.000   0.000  1000000.0000      0.00
  3        2        5   0.000   0.000  1000000.0000      0.00
  4        3        2   0.585   0.327   0.0605     16.16
  5        3        3   0.586   0.327   0.0605     22.17
  6        3        4   0.586   0.327   0.0604     32.67
  7        3        5   0.586   0.327   0.0604     50.07
  8        3        6   0.000   0.000  1000000.0000      0.00
  9        3        7   0.000   0.000  1000000.0000      0.00
 10        3        8   0.000   0.000  1000000.0000      0.00
 11        4        2   0.586   0.328   0.0604     13.99
 12        4        3   0.586   0.327   0.0604     16.02
 13        4        4   0.586   0.327   0.0604     19.46
 14        4        5   0.586   0.327   0.0604     24.90
 15        4        6   0.585   0.327   0.0606     33.34
 16        4        7   0.585   0.326   0.0604     45.41
 17        4        8   0.000   0.000  1000000.0000      0.00
 18        5        2   0.585   0.326   0.0604     13.16
 19        5        3   0.585   0.327   0.0604     14.11
 20        5        4   0.585   0.327   0.0604     15.84
 21        5        5   0.586   0.328   0.0603     18.10
 22        5        6   0.586   0.328   0.0603     21.63
 23        5        7   0.586   0.327   0.0605     26.83
 24        5        8   0.585   0.325   0.0603     34.16
 25        6        2   0.585   0.327   0.0604     12.84
 26        6        3   0.585   0.326   0.0605     13.09
 27        6        4   0.586   0.328   0.0605     13.78
 28        6        5   0.586   0.328   0.0604     14.76
 29        6        6   0.586   0.328   0.0604     16.27
 30        6        7   0.586   0.327   0.0604     18.24
*31        6        8   0.587   0.328   0.0604     21.19

Best setting: #31 of 32 (grid_sp=6, disp_hw=8)
Dice (overall):        0.587
Dice (robust-30):      0.328
Jacobian std:          0.0604
Foldover fraction:     0.0000
Compute time (s/pair): 21.19
