All 32 settings (* = best):
  #      grid_sp      disp_hw    dice  robust     jstd   time(s)
----------------------------------------------------------------
  0            2            2   0.452   0.353   0.0935      1.95
  1            2            3   0.505   0.416   0.1195      4.68
  2            2            4   0.000   0.000  1000000.0000      0.00
  3            2            5   0.000   0.000  1000000.0000      0.00
  4            3            2   0.506   0.419   0.0975      0.60
  5            3            3   0.575   0.485   0.1211      1.36
  6            3            4   0.632   0.533   0.1381      2.80
  7            3            5   0.672   0.573   0.1480      5.02
  8            3            6   0.000   0.000  1000000.0000      0.00
  9            3            7   0.000   0.000  1000000.0000      0.00
 10            3            8   0.000   0.000  1000000.0000      0.00
 11            4            2   0.559   0.475   0.0966      0.27
 12            4            3   0.640   0.542   0.1164      0.54
 13            4            4   0.690   0.604   0.1285      1.03
 14            4            5   0.739   0.680   0.1349      1.73
 15            4            6   0.763   0.723   0.1401      2.82
 16            4            7   0.775   0.749   0.1437      4.42
 17            4            8   0.000   0.000  1000000.0000      0.00
 18            5            2   0.606   0.515   0.0934      0.15
 19            5            3   0.684   0.600   0.1075      0.28
 20            5            4   0.734   0.683   0.1156      0.46
 21            5            5   0.757   0.723   0.1193      0.72
 22            5            6   0.771   0.756   0.1230      1.16
*23            5            7   0.786   0.774   0.1250      1.74
 24            5            8   0.794   0.780   0.1273      2.50
 25            6            2   0.625   0.552   0.0930      0.10
 26            6            3   0.694   0.640   0.1082      0.15
 27            6            4   0.730   0.698   0.1139      0.25
 28            6            5   0.752   0.741   0.1176      0.39
 29            6            6   0.769   0.759   0.1207      0.59
 30            6            7   0.775   0.765   0.1244      0.89
 31            6            8   0.774   0.764   0.1263      1.27

Best setting: #23 of 32 (grid_sp=5, disp_hw=7)
Dice (overall):        0.786
Dice (robust-30):      0.774
Jacobian std:          0.1250
Foldover fraction:     0.0000
Compute time (s/pair): 1.74
