All 12 settings (* = best):
  #  grid_sp_adam  lambda_weight    dice  robust     jstd   time(s)
-------------------------------------------------------------------
  0            2         0.50   0.780   0.606   0.1599    702.29
  1            2         1.25   0.782   0.606   0.1193    701.20
  2            2         2.50   0.782   0.604   0.0964    702.35
* 3            2         5.00   0.775   0.589   0.0752    705.83
  4            3         0.50   0.770   0.584   0.1304    694.33
  5            3         1.25   0.771   0.583   0.1069    694.96
  6            3         2.50   0.771   0.581   0.0882    695.12
  7            3         5.00   0.767   0.574   0.0706    693.32
  8            4         0.50   0.762   0.565   0.1130    693.04
  9            4         1.25   0.762   0.565   0.0953    693.04
 10            4         2.50   0.762   0.563   0.0810    689.60
 11            4         5.00   0.757   0.555   0.0662    690.45

Best setting: #3 of 12 (grid_sp_adam=2, lambda_weight=5.00)
Dice (overall):        0.775
Dice (robust-30):      0.589
Jacobian std:          0.0752
Foldover fraction:     0.0002
Compute time (s/pair): 705.83
