All 32 settings (* = best):
  #      grid_sp      disp_hw    dice  robust     jstd   time(s)
----------------------------------------------------------------
  0            2            2   0.386   0.290   0.0969      1.97
  1            2            3   0.408   0.333   0.1225      4.76
  2            2            4   0.000   0.000  1000000.0000      0.00
  3            2            5   0.000   0.000  1000000.0000      0.00
  4            3            2   0.413   0.340   0.0959      0.62
  5            3            3   0.425   0.365   0.1176      1.37
  6            3            4   0.423   0.364   0.1318      2.83
  7            3            5   0.417   0.361   0.1426      5.05
  8            3            6   0.417   0.367   0.1491      8.53
  9            3            7   0.000   0.000  1000000.0000      0.00
 10            3            8   0.000   0.000  1000000.0000      0.00
 11            4            2   0.431   0.368   0.0922      0.28
 12            4            3   0.433   0.385   0.1107      0.51
 13            4            4   0.432   0.407   0.1226      1.02
 14            4            5   0.435   0.414   0.1292      1.76
 15            4            6   0.443   0.443   0.1333      2.84
 16            4            7   0.440   0.448   0.1358      4.43
 17            4            8   0.444   0.455   0.1373      6.61
 18            5            2   0.436   0.383   0.0882      0.16
 19            5            3   0.445   0.420   0.1037      0.25
 20            5            4   0.453   0.447   0.1109      0.43
 21            5            5   0.462   0.480   0.1158      0.73
*22            5            6   0.469   0.499   0.1173      1.16
 23            5            7   0.468   0.502   0.1190      2.37
 24            5            8   0.472   0.511   0.1193      5.23
 25            6            2   0.000   0.000  1000000.0000      0.10
 26            6            3   0.000   0.000  1000000.0000      0.00
 27            6            4   0.000   0.000  1000000.0000      0.00
 28            6            5   0.000   0.000  1000000.0000      0.00
 29            6            6   0.000   0.000  1000000.0000      0.00
 30            6            7   0.000   0.000  1000000.0000      0.00
 31            6            8   0.000   0.000  1000000.0000      0.00

Best setting: #22 of 32 (grid_sp=5, disp_hw=6)
Dice (overall):        0.469
Dice (robust-30):      0.499
Jacobian std:          0.1173
Foldover fraction:     0.0000
Compute time (s/pair): 1.16
