All 32 settings (* = best):
  #      grid_sp      disp_hw    dice  robust     jstd   time(s)
----------------------------------------------------------------
* 0            2            2   0.597   0.351   0.0699     13.22
  1            2            3   0.000   0.000  1000000.0000      1.86
  2            2            4   0.000   0.000  1000000.0000      0.00
  3            2            5   0.000   0.000  1000000.0000      0.00
  4            3            2   0.000   0.000  1000000.0000      0.00
  5            3            3   0.000   0.000  1000000.0000      0.00
  6            3            4   0.000   0.000  1000000.0000      0.00
  7            3            5   0.000   0.000  1000000.0000      0.00
  8            3            6   0.000   0.000  1000000.0000      0.00
  9            3            7   0.000   0.000  1000000.0000      0.00
 10            3            8   0.000   0.000  1000000.0000      0.00
 11            4            2   0.000   0.000  1000000.0000      0.00
 12            4            3   0.000   0.000  1000000.0000      0.00
 13            4            4   0.000   0.000  1000000.0000      0.00
 14            4            5   0.000   0.000  1000000.0000      0.00
 15            4            6   0.000   0.000  1000000.0000      0.00
 16            4            7   0.000   0.000  1000000.0000      0.00
 17            4            8   0.000   0.000  1000000.0000      0.00
 18            5            2   0.000   0.000  1000000.0000      0.00
 19            5            3   0.000   0.000  1000000.0000      0.00
 20            5            4   0.000   0.000  1000000.0000      0.00
 21            5            5   0.000   0.000  1000000.0000      0.00
 22            5            6   0.000   0.000  1000000.0000      0.00
 23            5            7   0.000   0.000  1000000.0000      0.00
 24            5            8   0.000   0.000  1000000.0000      0.00
 25            6            2   0.000   0.000  1000000.0000      0.00
 26            6            3   0.000   0.000  1000000.0000      0.00
 27            6            4   0.000   0.000  1000000.0000      0.00
 28            6            5   0.000   0.000  1000000.0000      0.00
 29            6            6   0.000   0.000  1000000.0000      0.00
 30            6            7   0.000   0.000  1000000.0000      0.00
 31            6            8   0.000   0.000  1000000.0000      0.00

Best setting: #0 of 32 (grid_sp=2, disp_hw=2)
Dice (overall):        0.597
Dice (robust-30):      0.351
Jacobian std:          0.0699
Foldover fraction:     0.0000
Compute time (s/pair): 13.22

python PlaneAdam/convex_optimization/convex_run_paired_dino_512.py 0 OASIS_config.json --pca 64
