All 32 settings (* = best):
  #      grid_sp      disp_hw    dice  robust     jstd   time(s)
----------------------------------------------------------------
  0            2            2   0.000   0.000  1000000.0000      3.67
  1            2            3   0.000   0.000  1000000.0000      0.00
  2            2            4   0.000   0.000  1000000.0000      0.00
  3            2            5   0.000   0.000  1000000.0000      0.00
  4            3            2   0.509   0.420   0.0971      4.11
  5            3            3   0.578   0.491   0.1203      8.70
  6            3            4   0.634   0.537   0.1374     16.77
  7            3            5   0.677   0.576   0.1473     29.53
  8            3            6   0.000   0.000  1000000.0000      0.00
  9            3            7   0.000   0.000  1000000.0000      0.00
 10            3            8   0.000   0.000  1000000.0000      0.00
 11            4            2   0.562   0.479   0.0960      2.65
 12            4            3   0.643   0.549   0.1157      4.51
 13            4            4   0.693   0.608   0.1281      7.97
 14            4            5   0.740   0.687   0.1343     13.29
 15            4            6   0.768   0.731   0.1391     20.96
 16            4            7   0.782   0.758   0.1417     31.51
 17            4            8   0.000   0.000  1000000.0000      0.00
 18            5            2   0.603   0.513   0.0919      2.01
 19            5            3   0.685   0.600   0.1063      3.03
 20            5            4   0.740   0.695   0.1142      4.63
 21            5            5   0.761   0.735   0.1179      7.16
 22            5            6   0.776   0.762   0.1203     10.90
 23            5            7   0.791   0.780   0.1226     15.95
*24            5            8   0.799   0.787   0.1244     22.62
 25            6            2   0.623   0.550   0.0921      1.75
 26            6            3   0.698   0.652   0.1082      2.25
 27            6            4   0.737   0.718   0.1127      3.15
 28            6            5   0.759   0.759   0.1165      4.54
 29            6            6   0.776   0.779   0.1198      6.55
 30            6            7   0.782   0.785   0.1231      9.30
 31            6            8   0.782   0.785   0.1248     12.90

Best setting: #24 of 32 (grid_sp=5, disp_hw=8)
Dice (overall):        0.799
Dice (robust-30):      0.787
Jacobian std:          0.1244
Foldover fraction:     0.0000
Compute time (s/pair): 22.62
