All 12 settings (* = best):
  #  grid_sp_adam  lambda_weight    dice  robust     jstd   time(s)
-------------------------------------------------------------------
  0            2         0.50   0.783   0.609   0.1628    702.36
  1            2         1.25   0.787   0.611   0.1090    703.21
  2            2         2.50   0.786   0.606   0.0846    700.50
* 3            2         5.00   0.781   0.596   0.0628    701.35
  4            3         0.50   0.775   0.588   0.1209    696.34
  5            3         1.25   0.778   0.592   0.0958    694.13
  6            3         2.50   0.778   0.591   0.0763    692.05
  7            3         5.00   0.774   0.582   0.0580    694.74
  8            4         0.50   0.766   0.569   0.1035    693.46
  9            4         1.25   0.768   0.572   0.0842    693.50
 10            4         2.50   0.768   0.571   0.0683    691.61
 11            4         5.00   0.765   0.566   0.0530    692.83

Best setting: #3 of 12 (grid_sp_adam=2, lambda_weight=5.00)
Dice (overall):        0.781
Dice (robust-30):      0.596
Jacobian std:          0.0628
Foldover fraction:     0.0001
Compute time (s/pair): 701.35
