All 12 settings (* = best):
  #  grid_sp_adam  lambda_weight    dice  robust     jstd   time(s)
-------------------------------------------------------------------
  0            2         0.50   0.875   0.861   0.4993     95.23
  1            2         1.25   0.880   0.869   0.2913     94.99
* 2            2         2.50   0.876   0.869   0.1866     94.97
  3            2         5.00   0.857   0.862   0.1477     94.93
  4            3         0.50   0.871   0.865   0.4405     93.82
  5            3         1.25   0.871   0.863   0.2626     93.77
  6            3         2.50   0.866   0.862   0.1784     93.74
  7            3         5.00   0.843   0.845   0.1469     93.70
  8            4         0.50   0.880   0.868   0.2427     93.48
  9            4         1.25   0.879   0.864   0.2022     93.45
 10            4         2.50   0.876   0.865   0.1723     93.43
 11            4         5.00   0.851   0.845   0.1443     93.41

Best setting: #2 of 12 (grid_sp_adam=2, lambda_weight=2.50)
Dice (overall):        0.876
Dice (robust-30):      0.869
Jacobian std:          0.1866
Foldover fraction:     0.0215
Compute time (s/pair): 94.97
