All 32 settings (* = best):
  #      grid_sp      disp_hw    dice  robust     jstd   time(s)
----------------------------------------------------------------
  0            2            2   0.000   0.000  1000000.0000      4.29
  1            2            3   0.000   0.000  1000000.0000      0.00
  2            2            4   0.000   0.000  1000000.0000      0.00
  3            2            5   0.000   0.000  1000000.0000      0.00
  4            3            2   0.648   0.406   0.0614     34.44
  5            3            3   0.647   0.405   0.0653     67.87
  6            3            4   0.647   0.405   0.0660    127.09
  7            3            5   0.647   0.405   0.0663    220.17
  8            3            6   0.000   0.000  1000000.0000      0.00
  9            3            7   0.000   0.000  1000000.0000      0.00
 10            3            8   0.000   0.000  1000000.0000      0.00
*11            4            2   0.626   0.365   0.0528     23.32
 12            4            3   0.626   0.365   0.0538     37.58
 13            4            4   0.626   0.365   0.0540     62.81
 14            4            5   0.626   0.365   0.0541    101.88
 15            4            6   0.626   0.365   0.0541    158.58
 16            4            7   0.626   0.365   0.0541    236.99
 17            4            8   0.000   0.000  1000000.0000     17.85
 18            5            2   0.607   0.340   0.0423     19.24
 19            5            3   0.607   0.340   0.0425     26.06
 20            5            4   0.607   0.340   0.0425     38.38
 21            5            5   0.607   0.340   0.0426     57.14
 22            5            6   0.607   0.340   0.0426     84.79
 23            5            7   0.607   0.340   0.0426    122.55
 24            5            8   0.607   0.340   0.0425    172.10
 25            6            2   0.590   0.319   0.0343     17.15
 26            6            3   0.590   0.319   0.0343     20.95
 27            6            4   0.590   0.319   0.0343     27.73
 28            6            5   0.590   0.319   0.0344     38.20
 29            6            6   0.590   0.319   0.0344     53.31
 30            6            7   0.590   0.319   0.0344     73.93
 31            6            8   0.590   0.319   0.0343    100.79

Best setting: #11 of 32 (grid_sp=4, disp_hw=2)
Dice (overall):        0.626
Dice (robust-30):      0.365
Jacobian std:          0.0528
Foldover fraction:     0.0000
Compute time (s/pair): 23.32
