All 32 settings (* = best):
  #      grid_sp      disp_hw    dice  robust     jstd   time(s)
----------------------------------------------------------------
  0            2            2   0.345   0.212   0.1175      1.94
  1            2            3   0.341   0.216   0.1502      4.68
  2            2            4   0.000   0.000  1000000.0000      0.00
  3            2            5   0.000   0.000  1000000.0000      0.00
* 4            3            2   0.343   0.218   0.1227      0.57
  5            3            3   0.326   0.218   0.1546      1.34
  6            3            4   0.291   0.198   0.1745      2.80
  7            3            5   0.245   0.154   0.1845      5.02
  8            3            6   0.000   0.000  1000000.0000      2.84
  9            3            7   0.000   0.000  1000000.0000      0.00
 10            3            8   0.000   0.000  1000000.0000      0.00
 11            4            2   0.334   0.216   0.1255      0.23
 12            4            3   0.288   0.178   0.1543      0.56
 13            4            4   0.232   0.140   0.1692      1.05
 14            4            5   0.180   0.087   0.1860      1.78
 15            4            6   0.138   0.057   0.2242      2.85
 16            4            7   0.111   0.033   0.2575      4.48
 17            4            8   0.000   0.000  1000000.0000      2.25
 18            5            2   0.309   0.187   0.1251      0.18
 19            5            3   0.243   0.137   0.1489      0.28
 20            5            4   0.175   0.072   0.1620      0.46
 21            5            5   0.129   0.039   0.1673      0.73
 22            5            6   0.099   0.018   0.1790      1.12
 23            5            7   0.080   0.008   0.1749      1.71
 24            5            8   0.061   0.000   0.1780      2.51
 25            6            2   0.279   0.164   0.1225      0.10
 26            6            3   0.199   0.096   0.1430      0.15
 27            6            4   0.132   0.045   0.1564      0.26
 28            6            5   0.091   0.014   0.1576      0.39
 29            6            6   0.070   0.000   0.1566      0.60
 30            6            7   0.058   0.000   0.1585      0.91
 31            6            8   0.051   0.000   0.1636      1.28

Best setting: #4 of 32 (grid_sp=3, disp_hw=2)
Dice (overall):        0.343
Dice (robust-30):      0.218
Jacobian std:          0.1227
Foldover fraction:     0.0000
Compute time (s/pair): 0.57
