All 12 settings (* = best):
  #  grid_sp_adam  lambda_weight    dice  robust     jstd   time(s)
-------------------------------------------------------------------
  0            2         0.50   0.568   0.616   0.3432     95.31
  1            2         1.25   0.602   0.623   0.2142     95.13
  2            2         2.50   0.606   0.623   0.1524     95.14
  3            2         5.00   0.581   0.575   0.1202     95.09
  4            3         0.50   0.594   0.667   0.3496     93.98
  5            3         1.25   0.635   0.682   0.1985     93.90
  6            3         2.50   0.615   0.627   0.1489     93.87
  7            3         5.00   0.583   0.586   0.1191     93.88
  8            4         0.50   0.599   0.607   0.2767     93.69
* 9            4         1.25   0.639   0.657   0.1763     93.61
 10            4         2.50   0.629   0.619   0.1415     93.56
 11            4         5.00   0.583   0.574   0.1154     93.51

Best setting: #9 of 12 (grid_sp_adam=4, lambda_weight=1.25)
Dice (overall):        0.639
Dice (robust-30):      0.657
Jacobian std:          0.1763
Foldover fraction:     0.0348
Compute time (s/pair): 93.61
