All 12 settings (* = best):
  #  grid_sp_adam  lambda_weight    dice  robust     jstd   time(s)
-------------------------------------------------------------------
  0            2         0.50   0.759   0.571   0.1504     39.70
  1            2         1.25   0.767   0.580   0.1059     39.34
* 2            2         2.50   0.769   0.580   0.0807     39.22
  3            2         5.00   0.765   0.571   0.0588     39.11
  4            3         0.50   0.760   0.566   0.1202     30.89
  5            3         1.25   0.765   0.570   0.0934     30.74
  6            3         2.50   0.766   0.572   0.0729     30.69
  7            3         5.00   0.762   0.564   0.0544     30.59
  8            4         0.50   0.755   0.551   0.1025     28.85
  9            4         1.25   0.758   0.556   0.0817     28.77
 10            4         2.50   0.759   0.557   0.0654     28.65
 11            4         5.00   0.755   0.549   0.0500     28.60

Best setting: #2 of 12 (grid_sp_adam=2, lambda_weight=2.50)
Dice (overall):        0.769
Dice (robust-30):      0.580
Jacobian std:          0.0807
Foldover fraction:     0.0009
Compute time (s/pair): 39.22
