All 32 settings (* = best):
  #  grid_sp  disp_hw    dice  robust     jstd   time(s)
--------------------------------------------------------
  0        2        2   0.539   0.285   0.0710     12.93
  1        2        3   0.526   0.277   0.0772     34.08
  2        2        4   0.000   0.000  1000000.0000      0.00
  3        2        5   0.000   0.000  1000000.0000      0.00
  4        3        2   0.539   0.286   0.0576      3.85
  5        3        3   0.536   0.285   0.0595      9.78
  6        3        4   0.536   0.284   0.0598     20.33
  7        3        5   0.537   0.286   0.0602     37.41
  8        3        6   0.000   0.000  1000000.0000      0.00
  9        3        7   0.000   0.000  1000000.0000      0.00
 10        3        8   0.000   0.000  1000000.0000      0.00
 11        4        2   0.546   0.286   0.0456      1.56
 12        4        3   0.544   0.284   0.0460      3.58
 13        4        4   0.545   0.284   0.0460      7.14
 14        4        5   0.544   0.284   0.0461     12.64
 15        4        6   0.545   0.285   0.0461     20.93
 16        4        7   0.545   0.284   0.0460     33.15
 17        4        8   0.000   0.000  1000000.0000      0.00
 18        5        2   0.565   0.296   0.0340      0.92
 19        5        3   0.565   0.297   0.0342      1.84
 20        5        4   0.566   0.297   0.0341      3.49
 21        5        5   0.564   0.297   0.0342      5.74
 22        5        6   0.564   0.296   0.0342      9.37
 23        5        7   0.563   0.294   0.0343     14.52
 24        5        8   0.564   0.298   0.0342     21.98
 25        6        2   0.570   0.297   0.0251      0.46
 26        6        3   0.570   0.297   0.0251      0.81
*27        6        4   0.571   0.298   0.0252      1.49
 28        6        5   0.570   0.296   0.0252      2.46
 29        6        6   0.571   0.298   0.0252      4.00
 30        6        7   0.570   0.297   0.0252      6.01
 31        6        8   0.570   0.296   0.0252      8.78

Best setting: #27 of 32 (grid_sp=6, disp_hw=4)
Dice (overall):        0.571
Dice (robust-30):      0.298
Jacobian std:          0.0252
Foldover fraction:     0.0000
Compute time (s/pair): 1.49
