All 12 settings (* = best):
  #  grid_sp_adam  lambda_weight    dice  robust     jstd   time(s)
-------------------------------------------------------------------
  0            2         0.50   0.755   0.569   0.1542     39.90
  1            2         1.25   0.762   0.576   0.1172     39.44
* 2            2         2.50   0.763   0.575   0.0935     39.31
  3            2         5.00   0.759   0.565   0.0725     39.35
  4            3         0.50   0.753   0.558   0.1297     30.97
  5            3         1.25   0.757   0.562   0.1051     30.98
  6            3         2.50   0.758   0.562   0.0859     31.04
  7            3         5.00   0.754   0.552   0.0683     30.75
  8            4         0.50   0.751   0.551   0.1121     28.92
  9            4         1.25   0.752   0.550   0.0937     29.03
 10            4         2.50   0.752   0.550   0.0790     28.75
 11            4         5.00   0.748   0.540   0.0644     28.68

Best setting: #2 of 12 (grid_sp_adam=2, lambda_weight=2.50)
Dice (overall):        0.763
Dice (robust-30):      0.575
Jacobian std:          0.0935
Foldover fraction:     0.0012
Compute time (s/pair): 39.31
