All 32 settings (* = best):
  #      grid_sp      disp_hw    dice  robust     jstd   time(s)
----------------------------------------------------------------
  0            2            2   0.648   0.414   0.0670     13.28
  1            2            3   0.648   0.413   0.0739     34.51
  2            2            4   0.000   0.000  1000000.0000      0.00
  3            2            5   0.000   0.000  1000000.0000      0.00
* 4            3            2   0.642   0.398   0.0599      4.19
  5            3            3   0.642   0.398   0.0632     10.01
  6            3            4   0.641   0.397   0.0636     20.54
  7            3            5   0.642   0.398   0.0640     37.74
  8            3            6   0.000   0.000  1000000.0000      0.00
  9            3            7   0.000   0.000  1000000.0000      0.00
 10            3            8   0.000   0.000  1000000.0000      0.00
 11            4            2   0.625   0.375   0.0526      1.77
 12            4            3   0.626   0.376   0.0537      3.75
 13            4            4   0.627   0.378   0.0538      7.36
 14            4            5   0.627   0.377   0.0538     12.81
 15            4            6   0.626   0.375   0.0538     21.08
 16            4            7   0.626   0.376   0.0538     33.50
 17            4            8   0.000   0.000  1000000.0000      0.00
 18            5            2   0.610   0.345   0.0457      1.06
 19            5            3   0.611   0.347   0.0459      2.02
 20            5            4   0.610   0.345   0.0459      3.56
 21            5            5   0.610   0.347   0.0458      5.87
 22            5            6   0.610   0.345   0.0458      9.47
 23            5            7   0.610   0.345   0.0459     14.75
 24            5            8   0.610   0.345   0.0459     22.19
 25            6            2   0.590   0.315   0.0375      0.61
 26            6            3   0.590   0.315   0.0376      0.96
 27            6            4   0.590   0.315   0.0376      1.66
 28            6            5   0.590   0.315   0.0376      2.61
 29            6            6   0.590   0.315   0.0376      4.11
 30            6            7   0.590   0.315   0.0376      6.11
 31            6            8   0.589   0.314   0.0376      8.87

Best setting: #4 of 32 (grid_sp=3, disp_hw=2)
Dice (overall):        0.642
Dice (robust-30):      0.398
Jacobian std:          0.0599
Foldover fraction:     0.0000
Compute time (s/pair): 4.19

Results written to OASIS_output/dice0.642_gridsp3_disphw2_pca64_slice2d512_20260806_142906/
python PlaneAdam/convex_optimization/convex_run_paired_dino_slice2d_512.py 0 OASIS_config.json --pca 64