All 32 settings (* = best):
  #      grid_sp      disp_hw    dice  robust     jstd   time(s)
----------------------------------------------------------------
* 0            2            2   0.346   0.217   0.1238      1.92
  1            2            3   0.341   0.220   0.1553      4.66
  2            2            4   0.000   0.000  1000000.0000      0.00
  3            2            5   0.000   0.000  1000000.0000      0.00
  4            3            2   0.343   0.224   0.1264      0.58
  5            3            3   0.324   0.225   0.1574      1.35
  6            3            4   0.281   0.196   0.1767      2.79
  7            3            5   0.234   0.153   0.1903      5.02
  8            3            6   0.190   0.113   0.2359      8.46
  9            3            7   0.000   0.000  1000000.0000      0.00
 10            3            8   0.000   0.000  1000000.0000      0.00
 11            4            2   0.330   0.217   0.1277      0.31
 12            4            3   0.280   0.175   0.1564      0.51
 13            4            4   0.220   0.127   0.1740      1.01
 14            4            5   0.170   0.080   0.2064      1.72
 15            4            6   0.131   0.057   0.2658      2.81
 16            4            7   0.101   0.041   0.2980      4.40
 17            4            8   0.081   0.028   0.2825      6.59
 18            5            2   0.300   0.178   0.1285      0.14
 19            5            3   0.234   0.126   0.1541      0.20
 20            5            4   0.169   0.070   0.1679      0.44
 21            5            5   0.119   0.048   0.1980      0.70
 22            5            6   0.087   0.024   0.1724      1.13
 23            5            7   0.068   0.015   0.1722      1.66
 24            5            8   0.048   0.005   0.1759      2.47
 25            6            2   0.265   0.150   0.1256      0.09
 26            6            3   0.188   0.093   0.1465      0.13
 27            6            4   0.124   0.053   0.1609      0.24
 28            6            5   0.082   0.017   0.1603      0.37
 29            6            6   0.057   0.001   0.1593      0.58
 30            6            7   0.045   0.000   0.1575      0.88
 31            6            8   0.048   0.000   0.1602      1.26

Best setting: #0 of 32 (grid_sp=2, disp_hw=2)
Dice (overall):        0.346
Dice (robust-30):      0.217
Jacobian std:          0.1238
Foldover fraction:     0.0000
Compute time (s/pair): 1.92
