All 12 settings (* = best):
  #  grid_sp_adam  lambda_weight    dice  robust     jstd   time(s)
-------------------------------------------------------------------
  0            2         0.50   0.563   0.619   0.3167     96.05
  1            2         1.25   0.598   0.640   0.2213     95.75
  2            2         2.50   0.612   0.623   0.1522     95.16
  3            2         5.00   0.582   0.578   0.1201     94.95
  4            3         0.50   0.590   0.648   0.3456     94.94
  5            3         1.25   0.632   0.657   0.1946     94.47
  6            3         2.50   0.616   0.625   0.1491     93.73
  7            3         5.00   0.585   0.589   0.1193     93.72
  8            4         0.50   0.589   0.651   0.3198     93.67
* 9            4         1.25   0.637   0.656   0.1768     94.47
 10            4         2.50   0.633   0.626   0.1420     94.19
 11            4         5.00   0.585   0.576   0.1154     94.02

Best setting: #9 of 12 (grid_sp_adam=4, lambda_weight=1.25)
Dice (overall):        0.637
Dice (robust-30):      0.656
Jacobian std:          0.1768
Foldover fraction:     0.0339
Compute time (s/pair): 94.47
