All 32 settings (* = best):
  #  grid_sp  disp_hw    dice  robust     jstd   time(s)
--------------------------------------------------------
  0        2        2   0.571   0.317   0.0678     13.10
  1        2        3   0.566   0.313   0.0726     34.11
  2        2        4   0.000   0.000  1000000.0000      0.00
  3        2        5   0.000   0.000  1000000.0000      0.00
  4        3        2   0.574   0.316   0.0545      4.04
  5        3        3   0.573   0.314   0.0556      9.98
  6        3        4   0.574   0.314   0.0556     20.55
  7        3        5   0.574   0.316   0.0557     37.57
  8        3        6   0.000   0.000  1000000.0000      3.35
  9        3        7   0.000   0.000  1000000.0000      0.00
 10        3        8   0.000   0.000  1000000.0000      0.00
 11        4        2   0.571   0.307   0.0436      1.64
 12        4        3   0.571   0.306   0.0437      3.61
 13        4        4   0.571   0.307   0.0436      7.26
 14        4        5   0.572   0.307   0.0436     12.82
 15        4        6   0.571   0.308   0.0437     21.10
 16        4        7   0.571   0.307   0.0437     33.73
 17        4        8   0.000   0.000  1000000.0000      0.00
 18        5        2   0.576   0.300   0.0330      1.13
 19        5        3   0.575   0.301   0.0330      1.97
 20        5        4   0.575   0.300   0.0329      3.44
 21        5        5   0.575   0.300   0.0330      5.93
*22        5        6   0.576   0.301   0.0331      9.52
 23        5        7   0.575   0.301   0.0331     14.59
 24        5        8   0.575   0.299   0.0331     22.25
 25        6        2   0.576   0.298   0.0253      0.54
 26        6        3   0.576   0.298   0.0253      0.88
 27        6        4   0.576   0.298   0.0253      1.58
 28        6        5   0.576   0.298   0.0254      2.54
 29        6        6   0.576   0.298   0.0253      4.04
 30        6        7   0.576   0.297   0.0254      6.09
 31        6        8   0.576   0.298   0.0252      8.90

Best setting: #22 of 32 (grid_sp=5, disp_hw=6)
Dice (overall):        0.576
Dice (robust-30):      0.301
Jacobian std:          0.0331
Foldover fraction:     0.0000
Compute time (s/pair): 9.52
