All 32 settings (* = best):
  #      grid_sp      disp_hw    dice  robust     jstd   time(s)
----------------------------------------------------------------
  0            2            2   0.627   0.391   0.0700     12.93
  1            2            3   0.624   0.388   0.0777     34.46
  2            2            4   0.000   0.000  1000000.0000      0.00
  3            2            5   0.000   0.000  1000000.0000      0.00
* 4            3            2   0.632   0.389   0.0622      4.05
  5            3            3   0.630   0.386   0.0661      9.96
  6            3            4   0.631   0.387   0.0670     20.57
  7            3            5   0.630   0.385   0.0675     37.96
  8            3            6   0.000   0.000  1000000.0000      0.00
  9            3            7   0.000   0.000  1000000.0000      0.00
 10            3            8   0.000   0.000  1000000.0000      0.00
 11            4            2   0.621   0.366   0.0533      1.85
 12            4            3   0.621   0.367   0.0548      3.73
 13            4            4   0.622   0.370   0.0549      7.32
 14            4            5   0.621   0.368   0.0550     12.60
 15            4            6   0.622   0.369   0.0549     20.89
 16            4            7   0.621   0.368   0.0550     33.11
 17            4            8   0.000   0.000  1000000.0000      0.00
 18            5            2   0.604   0.341   0.0445      0.99
 19            5            3   0.604   0.342   0.0448      2.00
 20            5            4   0.604   0.341   0.0448      3.41
 21            5            5   0.604   0.340   0.0448      5.75
 22            5            6   0.603   0.339   0.0448      9.30
 23            5            7   0.604   0.341   0.0449     14.53
 24            5            8   0.604   0.340   0.0449     21.99
 25            6            2   0.588   0.317   0.0375      0.53
 26            6            3   0.588   0.316   0.0374      0.88
 27            6            4   0.588   0.316   0.0375      1.56
 28            6            5   0.588   0.316   0.0375      2.51
 29            6            6   0.588   0.317   0.0376      4.05
 30            6            7   0.587   0.316   0.0376      6.11
 31            6            8   0.588   0.316   0.0376      8.86

Best setting: #4 of 32 (grid_sp=3, disp_hw=2)
Dice (overall):        0.632
Dice (robust-30):      0.389
Jacobian std:          0.0622
Foldover fraction:     0.0000
Compute time (s/pair): 4.05
