All 12 settings (* = best):
  #  grid_sp_adam  lambda_weight    dice  robust     jstd   time(s)
-------------------------------------------------------------------
  0            2         0.50   0.777   0.598   0.1084    680.90
  1            2         1.25   0.772   0.583   0.0770    680.42
* 2            2         2.50   0.757   0.556   0.0554    679.15
  3            2         5.00   0.732   0.512   0.0387    677.62
  4            3         0.50   0.760   0.566   0.0966    668.52
  5            3         1.25   0.757   0.556   0.0700    668.49
  6            3         2.50   0.744   0.533   0.0516    668.46
  7            3         5.00   0.720   0.493   0.0370    669.78
  8            4         0.50   0.746   0.540   0.0829    674.16
  9            4         1.25   0.743   0.533   0.0622    668.96
 10            4         2.50   0.731   0.512   0.0474    669.04
 11            4         5.00   0.712   0.483   0.0349    667.12

Best setting: #2 of 12 (grid_sp_adam=2, lambda_weight=2.50)
Dice (overall):        0.757
Dice (robust-30):      0.556
Jacobian std:          0.0554
Foldover fraction:     0.0000
Compute time (s/pair): 679.15
