All 32 settings (* = best):
  #      grid_sp      disp_hw    dice  robust     jstd   time(s)
----------------------------------------------------------------
  0            2            2   0.383   0.279   0.1007      1.98
  1            2            3   0.402   0.308   0.1264      4.73
  2            2            4   0.000   0.000  1000000.0000      0.00
  3            2            5   0.000   0.000  1000000.0000      0.00
  4            3            2   0.401   0.312   0.1006      0.60
  5            3            3   0.408   0.318   0.1230      1.40
  6            3            4   0.401   0.305   0.1379      2.82
  7            3            5   0.398   0.301   0.1476      5.01
  8            3            6   0.000   0.000  1000000.0000      0.00
  9            3            7   0.000   0.000  1000000.0000      0.00
 10            3            8   0.000   0.000  1000000.0000      0.00
 11            4            2   0.406   0.311   0.0971      0.29
 12            4            3   0.399   0.299   0.1161      0.52
 13            4            4   0.404   0.311   0.1255      1.02
 14            4            5   0.409   0.326   0.1300      1.76
 15            4            6   0.409   0.336   0.1327      2.85
 16            4            7   0.413   0.348   0.1340      4.44
 17            4            8   0.000   0.000  1000000.0000      2.19
 18            5            2   0.414   0.320   0.0907      0.17
 19            5            3   0.415   0.318   0.1039      0.25
 20            5            4   0.423   0.349   0.1096      0.46
 21            5            5   0.429   0.370   0.1116      0.70
 22            5            6   0.426   0.361   0.1123      1.13
 23            5            7   0.423   0.377   0.1135      1.72
 24            5            8   0.427   0.390   0.1151      2.55
 25            6            2   0.415   0.324   0.0857      0.11
 26            6            3   0.427   0.359   0.0957      0.15
 27            6            4   0.439   0.387   0.0989      0.26
 28            6            5   0.433   0.364   0.0989      0.39
*29            6            6   0.440   0.402   0.0995      0.60
 30            6            7   0.436   0.412   0.1013      0.90
 31            6            8   0.431   0.400   0.1022      1.28

Best setting: #29 of 32 (grid_sp=6, disp_hw=6)
Dice (overall):        0.440
Dice (robust-30):      0.402
Jacobian std:          0.0995
Foldover fraction:     0.0000
Compute time (s/pair): 0.60
