All 12 settings (* = best):
  #  grid_sp_adam  lambda_weight    dice  robust     jstd   time(s)
-------------------------------------------------------------------
  0            2         0.50   0.526   0.515   0.3146      5.85
  1            2         1.25   0.559   0.569   0.2001      5.46
  2            2         2.50   0.581   0.576   0.1498      5.39
  3            2         5.00   0.559   0.543   0.1180      5.36
  4            3         0.50   0.547   0.559   0.3405      4.28
  5            3         1.25   0.579   0.589   0.1948      4.23
  6            3         2.50   0.585   0.589   0.1470      4.20
  7            3         5.00   0.559   0.548   0.1175      4.18
  8            4         0.50   0.576   0.595   0.2313      3.99
* 9            4         1.25   0.599   0.609   0.1759      3.96
 10            4         2.50   0.589   0.583   0.1401      3.92
 11            4         5.00   0.561   0.542   0.1140      3.90

Best setting: #9 of 12 (grid_sp_adam=4, lambda_weight=1.25)
Dice (overall):        0.599
Dice (robust-30):      0.609
Jacobian std:          0.1759
Foldover fraction:     0.0339
Compute time (s/pair): 3.96
