All 12 settings (* = best):
  #  grid_sp_adam  lambda_weight    dice  robust     jstd   time(s)
-------------------------------------------------------------------
  0            2         0.50   0.576   0.324   0.0888     13.92
  1            2         1.25   0.586   0.328   0.0605     13.77
  2            2         2.50   0.589   0.326   0.0437     13.75
  3            2         5.00   0.590   0.323   0.0309     13.81
  4            3         0.50   0.574   0.318   0.0832      5.50
  5            3         1.25   0.584   0.326   0.0585      5.51
* 6            3         2.50   0.587   0.326   0.0428      5.50
  7            3         5.00   0.587   0.323   0.0308      5.52
  8            4         0.50   0.569   0.316   0.0723      3.39
  9            4         1.25   0.579   0.322   0.0534      3.33
 10            4         2.50   0.582   0.322   0.0404      3.29
 11            4         5.00   0.580   0.319   0.0297      3.34

Best setting: #6 of 12 (grid_sp_adam=3, lambda_weight=2.50)
Dice (overall):        0.587
Dice (robust-30):      0.326
Jacobian std:          0.0428
Foldover fraction:     0.0000
Compute time (s/pair): 5.50
