All 32 settings (* = best):
  #      grid_sp      disp_hw    dice  robust     jstd   time(s)
----------------------------------------------------------------
  0            2            2   0.619   0.372   0.0694     13.45
  1            2            3   0.613   0.367   0.0742     34.55
  2            2            4   0.000   0.000  1000000.0000      0.00
  3            2            5   0.000   0.000  1000000.0000      0.00
* 4            3            2   0.607   0.355   0.0560      4.07
  5            3            3   0.606   0.353   0.0568     10.11
  6            3            4   0.606   0.355   0.0570     20.59
  7            3            5   0.606   0.353   0.0571     37.80
  8            3            6   0.000   0.000  1000000.0000      0.00
  9            3            7   0.000   0.000  1000000.0000      0.00
 10            3            8   0.000   0.000  1000000.0000      0.00
 11            4            2   0.594   0.334   0.0441      1.88
 12            4            3   0.594   0.335   0.0442      3.81
 13            4            4   0.593   0.334   0.0442      7.29
 14            4            5   0.594   0.335   0.0442     12.76
 15            4            6   0.593   0.334   0.0443     21.16
 16            4            7   0.594   0.334   0.0442     33.46
 17            4            8   0.000   0.000  1000000.0000      0.00
 18            5            2   0.593   0.329   0.0335      1.27
 19            5            3   0.592   0.327   0.0335      2.06
 20            5            4   0.593   0.328   0.0335      3.58
 21            5            5   0.593   0.328   0.0335      6.06
 22            5            6   0.593   0.328   0.0336      9.65
 23            5            7   0.593   0.328   0.0335     14.72
 24            5            8   0.593   0.328   0.0335     22.13
 25            6            2   0.576   0.303   0.0263      0.66
 26            6            3   0.575   0.303   0.0263      1.00
 27            6            4   0.575   0.303   0.0263      1.67
 28            6            5   0.575   0.303   0.0263      2.63
 29            6            6   0.575   0.303   0.0263      4.19
 30            6            7   0.575   0.303   0.0263      6.23
 31            6            8   0.575   0.304   0.0263      9.06

Best setting: #4 of 32 (grid_sp=3, disp_hw=2)
Dice (overall):        0.607
Dice (robust-30):      0.355
Jacobian std:          0.0560
Foldover fraction:     0.0000
Compute time (s/pair): 4.07
