All 12 settings (* = best):
  #  grid_sp_adam  lambda_weight    dice  robust     jstd   time(s)
-------------------------------------------------------------------
  0            2         0.50   0.529   0.515   0.2733     92.29
  1            2         1.25   0.543   0.545   0.1955     92.13
  2            2         2.50   0.540   0.532   0.1489     92.15
  3            2         5.00   0.519   0.490   0.1148     92.11
  4            3         0.50   0.541   0.554   0.2639     90.89
  5            3         1.25   0.540   0.552   0.1882     90.88
* 6            3         2.50   0.542   0.533   0.1465     90.87
  7            3         5.00   0.524   0.495   0.1139     90.82
  8            4         0.50   0.529   0.529   0.2665     90.54
  9            4         1.25   0.542   0.543   0.1764     90.55
 10            4         2.50   0.541   0.526   0.1383     90.56
 11            4         5.00   0.523   0.497   0.1081     90.55

Best setting: #6 of 12 (grid_sp_adam=3, lambda_weight=2.50)
Dice (overall):        0.542
Dice (robust-30):      0.533
Jacobian std:          0.1465
Foldover fraction:     0.0152
Compute time (s/pair): 90.87
