All 12 settings (* = best):
  #  grid_sp_adam  lambda_weight    dice  robust     jstd   time(s)
-------------------------------------------------------------------
  0            2         0.50   0.533   0.522   0.2792     92.30
  1            2         1.25   0.534   0.535   0.1935     92.16
  2            2         2.50   0.537   0.533   0.1489     92.14
  3            2         5.00   0.521   0.490   0.1150     92.04
  4            3         0.50   0.541   0.558   0.2633     90.85
  5            3         1.25   0.539   0.556   0.1884     92.01
* 6            3         2.50   0.540   0.530   0.1466     92.44
  7            3         5.00   0.524   0.493   0.1142     91.31
  8            4         0.50   0.540   0.545   0.2499     90.97
  9            4         1.25   0.539   0.539   0.1765     92.50
 10            4         2.50   0.539   0.522   0.1383     91.55
 11            4         5.00   0.523   0.498   0.1077     90.38

Best setting: #6 of 12 (grid_sp_adam=3, lambda_weight=2.50)
Dice (overall):        0.540
Dice (robust-30):      0.530
Jacobian std:          0.1466
Foldover fraction:     0.0152
Compute time (s/pair): 92.44
