All 12 settings (* = best):
  #  grid_sp_adam  lambda_weight    dice  robust     jstd   time(s)
-------------------------------------------------------------------
  0            2         0.50   0.860   0.844   0.4977      5.80
  1            2         1.25   0.867   0.851   0.2946      5.39
  2            2         2.50   0.862   0.850   0.1847      5.43
  3            2         5.00   0.839   0.845   0.1465      5.32
  4            3         0.50   0.859   0.849   0.4339      4.26
  5            3         1.25   0.859   0.848   0.2601      4.24
  6            3         2.50   0.854   0.847   0.1779      4.23
  7            3         5.00   0.830   0.829   0.1462      4.18
  8            4         0.50   0.866   0.856   0.2474      3.95
  9            4         1.25   0.866   0.853   0.2027      3.94
*10            4         2.50   0.863   0.853   0.1727      3.93
 11            4         5.00   0.829   0.832   0.1431      3.90

Best setting: #10 of 12 (grid_sp_adam=4, lambda_weight=2.50)
Dice (overall):        0.863
Dice (robust-30):      0.853
Jacobian std:          0.1727
Foldover fraction:     0.0304
Compute time (s/pair): 3.93
