All 12 settings (* = best):
  #  grid_sp_adam  lambda_weight    dice  robust     jstd   time(s)
-------------------------------------------------------------------
  0            2         0.50   0.755   0.571   0.1274    678.28
  1            2         1.25   0.753   0.561   0.0977    680.54
* 2            2         2.50   0.742   0.538   0.0773    681.52
  3            2         5.00   0.728   0.511   0.0610    680.87
  4            3         0.50   0.730   0.525   0.1146    670.88
  5            3         1.25   0.729   0.520   0.0908    671.88
  6            3         2.50   0.725   0.510   0.0736    670.54
  7            3         5.00   0.716   0.492   0.0591    669.35
  8            4         0.50   0.720   0.506   0.0998    669.14
  9            4         1.25   0.721   0.507   0.0822    667.37
 10            4         2.50   0.718   0.499   0.0688    667.07
 11            4         5.00   0.708   0.483   0.0567    669.23

Best setting: #2 of 12 (grid_sp_adam=2, lambda_weight=2.50)
Dice (overall):        0.742
Dice (robust-30):      0.538
Jacobian std:          0.0773
Foldover fraction:     0.0003
Compute time (s/pair): 681.52
