All 12 settings (* = best):
  #  grid_sp_adam  lambda_weight    dice  robust     jstd   time(s)
-------------------------------------------------------------------
  0            2         0.50   0.854   0.828   0.3632     92.53
* 1            2         1.25   0.858   0.831   0.2220     92.18
  2            2         2.50   0.846   0.820   0.1803     92.23
  3            2         5.00   0.822   0.816   0.1455     92.15
  4            3         0.50   0.847   0.822   0.3504     90.72
  5            3         1.25   0.849   0.820   0.2208     90.72
  6            3         2.50   0.836   0.818   0.1783     91.73
  7            3         5.00   0.814   0.807   0.1457     91.33
  8            4         0.50   0.852   0.833   0.2491     91.13
  9            4         1.25   0.849   0.816   0.2039     91.18
 10            4         2.50   0.845   0.813   0.1725     91.07
 11            4         5.00   0.811   0.804   0.1422     90.80

Best setting: #1 of 12 (grid_sp_adam=2, lambda_weight=1.25)
Dice (overall):        0.858
Dice (robust-30):      0.831
Jacobian std:          0.2220
Foldover fraction:     0.0447
Compute time (s/pair): 92.18
