All 12 settings (* = best):
  #  grid_sp_adam  lambda_weight    dice  robust     jstd   time(s)
-------------------------------------------------------------------
  0            2         0.50   0.588   0.321   0.0172     22.44
* 1            2         1.25   0.581   0.311   0.0101     22.15
  2            2         2.50   0.576   0.304   0.0066     22.13
  3            2         5.00   0.574   0.302   0.0041     22.13
  4            3         0.50   0.582   0.315   0.0176      7.88
  5            3         1.25   0.576   0.310   0.0106      7.89
  6            3         2.50   0.576   0.304   0.0069      7.89
  7            3         5.00   0.573   0.299   0.0046      7.94
  8            4         0.50   0.574   0.307   0.0171      4.16
  9            4         1.25   0.570   0.303   0.0104      4.12
 10            4         2.50   0.573   0.302   0.0070      4.11
 11            4         5.00   0.573   0.300   0.0046      4.12

Best setting: #1 of 12 (grid_sp_adam=2, lambda_weight=1.25)
Dice (overall):        0.581
Dice (robust-30):      0.311
Jacobian std:          0.0101
Foldover fraction:     0.0000
Compute time (s/pair): 22.15
